2.097750486341701075e-03
2.068763258019866262e-03
1.828621351754852785e-03
1.802685136853071027e-03
1.650086059119291538e-03
2.632605199728159677e-04
2.240686584938336354e-04
1.937138446516075069e-04
1.388850441018070275e-04
1.190464926956706101e-04
1.098368594562709597e-04
1.028180955234031697e-04
9.826147615447325834e-05
9.443153813166722896e-05
8.053372367322558865e-05
7.436323238193222524e-05
7.224053486689506378e-05
7.008878026786922034e-05
6.420598214605263644e-05
6.127651212510381326e-05
5.590995912678450771e-05
4.855112902014668141e-05
4.256148975747176840e-05
4.141479979904564331e-05
3.602375345703096900e-05
3.011410015635449975e-05
2.954532670194985855e-05
2.628399553785100431e-05
2.420836344139264891e-05
2.342203436312739184e-05
2.077504173134640261e-05
1.870497224492915296e-05
1.683964416892132516e-05
1.576112493695510969e-05
1.451962743689055590e-05
1.418774186309934643e-05
1.273708499348797618e-05
1.211872950854025414e-05
9.988883261273348899e-06
9.181364675330344290e-06
8.667239408341850232e-06
8.508807107033217467e-06
7.475560313891540693e-06
6.371222848689321301e-06
6.140036042627697747e-06
5.477132421386191349e-06
5.438114838741143991e-06
4.894852596407644685e-06
4.717351332807859361e-06
4.213450886419874561e-06
3.897533458704698786e-06
3.798156566662326510e-06
3.494156879204457134e-06
3.316035791489635036e-06
3.038423629583438466e-06
2.925336243250582460e-06
2.525680056859681571e-06
2.405952692699231461e-06
2.359454895088843158e-06
2.124631680706407366e-06
1.917654071056034002e-06
1.892162755189922322e-06
1.849197966363794982e-06
1.762402835890811705e-06
1.664468861708223225e-06
1.627724119371554635e-06
1.312271169997616813e-06
1.271755632467705373e-06
1.110427990405632312e-06
1.072045300616271386e-06
9.688418164149606023e-07
9.167779716798621867e-07
9.114091686333652659e-07
8.566512399562714306e-07
7.914033491569080143e-07
7.356558048545806298e-07
6.902761703973583371e-07
6.719487338143816683e-07
6.284564975419788512e-07
6.036322157518691140e-07
5.821427536317837478e-07
5.213711846246158294e-07
4.871509400387469794e-07
4.762651086430642949e-07
4.251274975860450185e-07
4.041834052717106732e-07
3.951915101801075325e-07
3.724593587091601654e-07
3.594183374195250171e-07
3.454493883565141192e-07
3.296677803078746722e-07
3.185840593370867055e-07
2.974378118358124033e-07
2.935096828804759226e-07
2.725569847379607974e-07
2.572483132324494772e-07
2.478685151917194177e-07
2.398405127434258492e-07
2.251537704083268883e-07
2.158444280463004102e-07
2.060447524141422708e-07
1.948166531492789180e-07
1.796979552304120408e-07
1.668377061372535831e-07
1.622413050399713769e-07
1.603243661520258218e-07
1.514819536152098972e-07
1.404257422838023926e-07
1.343246665515801917e-07
1.285471753483545211e-07
1.195968489854840692e-07
1.159080394686760920e-07
1.094666042301664627e-07
1.067387170867912371e-07
9.509488321998021816e-08
9.013914056298225063e-08
8.905060920495876477e-08
8.334100582425196626e-08
8.056615248351794875e-08
7.709340945964391333e-08
7.451587781870498335e-08
7.066032541313341121e-08
6.501223893598076694e-08
6.252331297831200654e-08
5.952559698504670571e-08
5.628359475053271288e-08
5.369975660546767338e-08
5.061415619070330315e-08
4.586963572232113578e-08
4.345921331466917706e-08
3.956104096931909934e-08
3.915877175324147530e-08
3.522904458345251157e-08
3.311298648618418865e-08
3.212870387556174880e-08
3.157801563447467599e-08
2.738449461318041937e-08
2.588813111070707916e-08
2.525593018278438181e-08
2.415693432623853606e-08
2.213482106195445992e-08
2.145656030295584915e-08
2.103247963356659554e-08
1.900253364361754311e-08
1.856241409433094318e-08
1.754756214806397179e-08
1.679772854410357330e-08
1.602519711632655463e-08
1.473648686415813512e-08
1.461826266205248056e-08
1.372426203117230318e-08
1.351545686784310287e-08
1.248507428899822272e-08
1.213199276145828208e-08
1.198672319964597448e-08
1.172566823004519206e-08
1.145633869473487852e-08
1.107765856923849507e-08
1.069155363916511341e-08
1.013471833474334659e-08
9.682555306044470395e-09
9.344308276620983902e-09
9.161808199180351353e-09
8.953163495738908120e-09
8.564554020087930003e-09
8.293266216272198443e-09
7.989690472056344707e-09
7.818326935016701937e-09
7.606835092997494518e-09
7.354527053194163030e-09
6.916477073129872003e-09
6.823604544286355067e-09
6.787995836551136411e-09
6.595146715942275212e-09
6.161260883476566156e-09
6.107511135119065127e-09
6.010209613745730436e-09
5.990202651133014381e-09
5.856006568174857151e-09
5.680814846740608374e-09
5.441152350154836110e-09
5.226366248383047253e-09
5.126676256871110140e-09
5.028341716787197247e-09
4.957176317862415354e-09
4.825811288529859408e-09
4.696393426346294772e-09
4.565068470217010671e-09
4.369668166012403166e-09
4.341458934511985700e-09
4.250722540033839672e-09
4.195759142959283609e-09
